algorithm=0.020239882047827947
use=0.00840488780223917
set=0.004697668004942965
time=0.004554470673716932
number=0.004047976409565576
function=0.003793403376274856
problem=0.0037350637228123996
datum=0.003729760117952174
result=0.003485794294381894
value=0.0034513208627904345
example=0.0032709982975428434
graph=0.002862620723305626
object=0.0028069328722732877
node=0.0026796463556279233
volume=0.002623958504595571
case=0.0026027440851546795
edge=0.0024250733223371906
let=0.002414466112616747
model=0.002329608434853166
vertex=0.0022898313984014967
section=0.0022314917449390314
follow=0.002143982264745351
step=0.0021254196477345686
cost=0.002090946216143113
performance=0.0019954813286590916
figure=0.001963659699497746
search=0.0019610078970676366
point=0.0019318380703364046
state=0.0019053200460352926
new=0.001886757429024507
compute=0.0018231141707018277
image=0.0018045515536910441
method=0.0017621227148092546
run=0.0017568191099490325
make=0.0017462119002285839
tree=0.00173825649293825
voxel=0.0016640060248951207
order=0.001661354222465011
access=0.0016560506176047898
size=0.001626880790873558
work=0.001584451951991768
render=0.0015738447422713195
structure=0.0015685411374110991
require=0.0015552821252605422
matrix=0.001496942471798084
base=0.0014916388669378572
sort=0.0014810316572174123
define=0.0014677726450668524
different=0.0014465582256259597
query=0.001443906423195847
list=0.0014200402013248422
information=0.0014094329916043951
consider=0.0013749595600129375
rule=0.0013563969430021585
operation=0.0013431379308515986
network=0.0013192717089805935
instance=0.0013166199065504814
database=0.0013060126968300343
10=0.001300709091969814
present=0.0012901018822493624
input=0.0012847982773891429
path=0.0012688874628084693
vector=0.0012582802530880235
match=0.001247673043367578
space=0.0012450212409374636
variable=0.0012397176360772438
theorem=0.0012317622287869043
fast=0.0012131996117761249
table=0.001210547809346013
error=0.0011999405996255671
program=0.0011866815874750079
processor=0.0011813779826147818
memory=0.0011707707728943343
class=0.0011548599583136685
generate=0.0011495563534534429
bind=0.0011362973413028834
possible=0.0011283419340125493
represent=0.0011256901315824378
test=0.0011230383291523235
element=0.0010912166999909843
code=0.0010885648975608728
approach=0.0010859130951307592
distance=0.0010806094902705385
parameter=0.0010779576878404268
solution=0.0010753058854103134
linear=0.0010700022805500882
optimal=0.0010646986756898678
al=0.0010620468732597534
optimization=0.001059395070829642
random=0.0010540914659694215
paper=0.0010514396635393079
pp=0.0010461360586790829
technique=0.0010328770465285234
probability=0.0010249216392381891
type=0.001019618034377968
note=0.0010143144295177433
complexity=0.0010063590222274088
include=0.0010037072197972977
sequence=0.0010010554173671834
second=9.957518125069628E-4
