agent=0.010918695843576609
use=0.006226573355628472
intelligence=0.004585236299998737
datum=0.0040562402511644165
model=0.003827974832831815
learning=0.0037881189661388226
artificial=0.0037301467964035483
problem=0.003548983765980841
ai=0.003472895293203308
information=0.00340767660225113
language=0.003096076189924078
machine=0.003059843583839537
science=0.002835201426115375
programming=0.0027228803472532943
application=0.0026504151350842113
software=0.002603312747174313
program=0.002541717316830589
robot=0.0024982381895291357
example=0.0024620055834445936
network=0.002451135801619236
time=0.002425772977360053
knowledge=0.0024004101531008787
action=0.0023786705894501543
make=0.002298958856064156
research=0.0022808425530218856
include=0.0022591029893711616
world=0.0022554797287627133
set=0.002244609946937345
algorithm=0.002237363425720443
new=0.0022192471226781725
game=0.00214678191050909
logic=0.0021069260438160912
conference=0.0021033027832076385
approach=0.0020779399589484567
design=0.001998228225562467
learn=0.0018641675830496638
human=0.0018532978012243027
user=0.0018279349769651225
state=0.0017735860678383098
architecture=0.0017445999829706735
object=0.0017409767223622217
proceedings=0.0017047441162776793
theory=0.0017011208556692277
different=0.0016721347708015919
need=0.0016685115101931383
intelligent=0.001657641728367773
search=0.0016431486859339592
base=0.0016250323828916888
environment=0.0016105393404578752
control=0.001588799776807148
result=0.0015344508676803361
behavior=0.0015163345646380657
analysis=0.001509088043421157
number=0.0014945950009873372
task=0.0014764786979450664
year=0.0014728554373366165
database=0.0014547391342943396
goal=0.0014474926130774337
provide=0.0014438693524689821
credit=0.0014293763100351614
representation=0.0014221297888182551
international=0.0014185065282097988
case=0.0013569110978660795
technique=0.0013532878372576292
structure=0.0013387947948238085
term=0.0013243017523899947
prerequisite=0.0013098087099561756
data=0.0012844458856969972
plan=0.001280822625088541
type=0.0012771993644800908
represent=0.0012699528432631826
page=0.0012663295826547268
student=0.001237343497787092
function=0.0012337202371786415
reasoning=0.0012264737159617292
follow=0.001208357412919459
like=0.0011974876310941005
distribute=0.0011757480674433744
solve=0.0011648782856180098
image=0.0011503852431841953
develop=0.0011395154613588329
2017=0.0011250224189250132
course=0.0011177758977081048
pp=0.0011069061158827428
domain=0.0011032828552742918
class=0.0010924130734489277
processing=0.0010851665522320214
study=0.0010779200310151128
al=0.0010706735097982016
1995=0.0010525572067559311
figure=0.001048933946147478
management=0.0010380641643221165
1996=0.0010308176431052076
define=0.0010199478612798454
section=0.0010054548188460264
order=9.94585037020666E-4
perform=9.90961776412211E-4
belief=9.87338515803756E-4
possible=9.837152551953041E-4
mobile=9.728454733699403E-4
