datum=0.007015748806890375
use=0.005613079411743505
algorithm=0.005444951230818384
science=0.005233590089083918
model=0.003859742667809934
analysis=0.003763669421567008
information=0.0036483815260754788
research=0.0035619156044568432
application=0.0032881068526644714
engineering=0.0031728189571729494
programming=0.0030815493732421566
language=0.003071942048617862
structure=0.002942243166189906
software=0.0029134211923170224
network=0.002860580906883405
design=0.002807740621449789
database=0.002788525972201201
prerequisite=0.002759703998328332
gene=0.002730882024455449
include=0.0026636307520853924
data=0.002654023427461099
course=0.0026348087782125103
et=0.002591575817403186
method=0.0025771648304667456
sequence=0.0025003062334723954
systems=0.002485895246535954
al=0.002452269610350936
university=0.0023994293249173216
csc=0.002356196364107998
clustering=0.002351392701795851
set=0.002312963403298674
problem=0.0023033560786743794
protein=0.0020775839500034848
computing=0.002058369300754897
web=0.0020439583138184554
search=0.0020055290153212784
pp=0.001986314366072691
new=0.0019670997168241026
program=0.001952688729887666
computational=0.0019286704183269314
conference=0.0019238667560147842
number=0.0019190630937026374
topic=0.00187583013289332
vol=0.0018566154836447313
student=0.0018470081590204383
2017=0.0017989715358989722
base=0.0017893642112746778
management=0.0017317202635289133
cs=0.001726916601216766
bicluster=0.0017221129389046192
cluster=0.001698094627343885
credit=0.0016932909650317378
technique=0.0016692726534710076
machine=0.0016548616665345663
theory=0.0016356470172859796
function=0.001611628705725244
development=0.0015731994072280704
ieee=0.001553984757979483
approach=0.0015443774333551887
bioinformatics=0.001529966446418747
process=0.0015251627841066065
rule=0.0014963408102337235
time=0.0014867334856094308
provide=0.0014819298232972835
journal=0.0014723224986729897
term=0.0014675188363608425
tool=0.0014386968624879595
introduction=0.0014338932001758127
project=0.0014242858755515184
biology=0.0014194822132393712
security=0.0014146785509272259
value=0.0013954639016786374
result=0.001385856577054343
study=0.0013810529147422028
work=0.0013618382654936145
genome=0.0013426236162450275
hour=0.0013378199539328802
example=0.0013234089669964392
user=0.0012993906554357034
type=0.0012945869931235562
advanced=0.0012705686815628228
semantic=0.0012657650192506756
human=0.0012561576946263817
state=0.0012465503700020875
row=0.0012273357207535046
distribute=0.0012177283961292103
support=0.001179299097632036
parallel=0.0011744954353198887
genetic=0.0011696917730077414
expression=0.0011648881106955944
concept=0.001140869799134859
genetics=0.0011264588121984197
service=0.0011072441629498316
image=0.0011024405006376844
page=0.0010976368383255374
graph=0.0010880295137012481
modeling=0.0010832258513891009
30=0.0010784221890769539
read=0.0010688148644526598
section=0.0010640112021405128
