use=0.005442693217841684
model=0.00380497388043042
cognitive=0.0036174487654596628
information=0.0035585123007545634
problem=0.0027816225387328696
process=0.0027459034692146316
social=0.0026726793767022365
task=0.0025976693307139314
new=0.0025315890521051894
research=0.0025101576103942484
word=0.002404786355315442
science=0.002386926820556327
study=0.002377997053176762
time=0.002338706076706699
analysis=0.0022672679376702282
memory=0.00224762244943519
journal=0.002174398356922799
knowledge=0.0021386792874045673
text=0.0020993883109345006
make=0.0020636692414162643
datum=0.0020279501718980237
learning=0.002019020404518459
structure=0.001976157521096579
control=0.001960083939813368
example=0.0019297227307228657
effect=0.0019243648702951261
theory=0.0018690003125418609
psychology=0.0018654284055900359
state=0.0018582845916863843
action=0.0018529267312586502
language=0.0018350671964995338
emotion=0.001815421708264497
result=0.0017725588248426155
case=0.0017261240344688983
work=0.0017189802205652529
provide=0.0016475420815287762
set=0.0016350404071973914
processing=0.0016332544537214786
subject=0.0016278965932937464
student=0.001599321337679152
goal=0.0015689601285886485
human=0.0015618163146850037
different=0.0015546725007813552
network=0.0015368129660222336
university=0.00152252533821494
sentence=0.0015028798499799054
change=0.0014903781756485251
way=0.0014653748269857591
level=0.0014546591061302835
pp=0.0014493012457025521
representation=0.001443943385274815
cognition=0.0014403714783229884
number=0.0014207259900879568
movement=0.0013903647809974532
discourse=0.0013885788275215416
form=0.0013742911997142457
individual=0.001349287851051481
behavior=0.0013475018975755695
et=0.0013439299906237436
group=0.0013421440371478308
function=0.0013403580836719193
design=0.0013260704558646233
need=0.0013207125954368922
people=0.0013064249676295915
learn=0.0012957092467741212
include=0.001284993525918651
rule=0.0012724918515872633
evidence=0.0012081975264544337
present=0.0011956958521230502
method=0.0011939098986471389
point=0.001184980131267582
situation=0.0011778363173639316
measure=0.001168906549984374
course=0.001165334643032548
user=0.0011599767826048113
fact=0.0011581908291289037
role=0.0011492610617493406
follow=0.001140331294369783
require=0.0011278296200383966
reading=0.0010921105505201604
important=0.00107425101576104
involve=0.0010671072018573905
reasoning=0.0010635352949055663
type=0.0010617493414296537
world=0.0010528195740500958
term=0.001051033620574183
york=0.00104924766709827
proposition=0.0010438898066705378
complex=0.0010385319462428014
ed=0.001029602178863239
production=0.0010260302719114175
object=0.0010135285975800316
visual=0.0010099566906282098
possible=0.00100281287672456
know=9.938831093450023E-4
fixation=9.90311202393179E-4
property=9.867392954413525E-4
event=9.795954815377075E-4
approach=9.778095280617947E-4
response=9.76023574585884E-4
