network=0.022689572798410433
use=0.008253798153667556
node=0.006289139680519743
datum=0.005324670975519915
science=0.004864762287487572
packet=0.004578993782302437
route=0.004239643682395099
information=0.003900293582487744
interface=0.0036948974693859333
design=0.003525222419432261
software=0.0033332217050109927
link=0.0033287565721174758
application=0.003284105243182295
programming=0.002926894611700876
engineering=0.002882243282765706
include=0.0028375919538305215
protocol=0.0028286616880434925
course=0.002810801156469422
prerequisite=0.002770614960427764
traffic=0.002752754428853693
time=0.002533962917071316
work=0.0024937767210296575
provide=0.0024044740631593026
architecture=0.0023508924684370897
server=0.0023464273355435768
research=0.0023419622026500594
algorithm=0.002301776006608394
security=0.002283915475034323
problem=0.002239264146099151
figure=0.002225868747418593
device=0.0022169384816315622
service=0.0021812174184834203
credit=0.002154426621122309
computing=0.0021454963553352783
language=0.002114240425080654
send=0.0020561936974649235
ip=0.0020160075014232595
student=0.0020070772356362283
mobile=0.001980286438275118
number=0.0019713561724880864
layer=0.0019445653751269758
performance=0.0019133094448723546
wireless=0.0018909837804047633
receive=0.0018820535146177313
internet=0.001868658115937174
control=0.0018641929830436603
cache=0.0018597278501501417
new=0.0018552627172566216
analysis=0.0018240067870019996
code=0.0018195416541084797
csc=0.001783820590960338
topic=0.0017704251922797867
different=0.001765960059386267
path=0.0017614949264927481
memory=0.0017570297935992345
systems=0.0017436343949186772
connection=0.0017391692620251635
require=0.0017213087304510924
ad=0.0017079133317705352
result=0.0016811225344094312
power=0.0016632620028353598
hoc=0.0016587968699418418
address=0.0016498666041548085
host=0.0016364712054742518
set=0.0016052152752196293
university=0.0015962850094325956
user=0.0015784244778585246
study=0.001551633680497417
message=0.001533773148923346
rate=0.001529308016029826
access=0.0015203777502427916
support=0.0015159126173492753
energy=0.0014980520857752044
method=0.0014891218199881697
area=0.0014846566870946492
technique=0.0014712612884140988
example=0.0014400053581594713
ieee=0.001431075092372436
structure=0.0014176796936918859
make=0.0014132145607983647
allow=0.001399819162117815
connect=0.001381958630543744
project=0.0013774934976502227
development=0.0013730283647567084
management=0.0013685632318631872
process=0.001364098098969673
model=0.0013596329660761517
cs=0.0013149816371409745
file=0.001306051371353939
section=0.0012971211055669036
state=0.001274795441099318
home=0.0012480046437382116
follow=0.0012435395108446909
data=0.0012390743779511762
introduction=0.0012346092450576554
local=0.00122567897927062
better=0.0011988881819095134
page=0.0011944230490159985
increase=0.001189957916122478
processor=0.001185492783228963
