use=0.008300607116697526
design=0.0074037059103654
hardware=0.007237138543475152
software=0.0062078376352559
science=0.004495183426974084
datum=0.004354241808836187
model=0.003927145996297071
programming=0.00391006216379552
network=0.0038331849175384787
application=0.0034701534768802338
program=0.0033804633562470278
language=0.003269418444986851
time=0.0032395217381091194
process=0.003205354073105991
architecture=0.0031968121568552088
include=0.003166915449977469
problem=0.002838051674322357
algorithm=0.0028252387999461795
processor=0.002786800176817671
memory=0.0026586714330559314
course=0.002590336103049678
structure=0.0024707492755387255
work=0.0024280396942848175
implementation=0.0023682462805293407
performance=0.0023511624480277737
research=0.002257201369269178
prerequisite=0.00221876274614066
require=0.002154698374259792
message=0.0021418854998836163
engineering=0.0021205307092566623
circuit=0.0020906340023789196
instruction=0.002035111546748844
csc=0.002030840588623452
topic=0.001992401965494931
student=0.001983860049244143
state=0.0019667762167425813
machine=0.0019240666354886716
technique=0.0019112537611125
analysis=0.001885628012360151
power=0.0018813570542347583
systems=0.0018557313054824163
technology=0.0018514603473570284
different=0.0018087507661031146
support=0.0017831250173507664
set=0.0017574992685984192
pp=0.001748957352347638
logic=0.0017276025617206834
control=0.0017105187292191216
new=0.0016934348967175552
level=0.001689163938592167
component=0.0016507253154636463
function=0.0016336414829620789
method=0.0015994738179589522
make=0.0015823899854573878
credit=0.001573848069206604
operation=0.0015311384879526937
allow=0.0015225965717019128
code=0.0014884289066987853
computation=0.0014841579485733968
security=0.0014713450741972176
case=0.0014670741160718306
implement=0.0014585321998210462
tool=0.0014457193254448746
user=0.0014414483673194814
university=0.0014371774091940922
study=0.0014200935766925254
ieee=0.001403009744190966
need=0.0013859259116893998
project=0.0013603001629370504
access=0.0013304034560593127
cost=0.0013218615398085352
core=0.0013133196235577535
cache=0.001287693874805402
transaction=0.0012748810004292314
base=0.0012706100423038426
unit=0.001266339084178448
reconfigurable=0.001262068126053059
search=0.0012577971679276659
service=0.0012449842935514934
management=0.0012407133354261043
embedded=0.0012364423773007097
interface=0.0012108166285483665
address=0.0012065456704229735
processing=0.001193732796046801
approach=0.0011851908797960173
specification=0.0011809199216706301
al=0.0011766489635452355
develop=0.0011723780054198466
perform=0.001151023214792892
type=0.0011467522566674978
distribute=0.001138210340416719
server=0.0011125845916643703
resource=0.0011040426754135868
section=0.001078416926661243
image=0.001057062136034288
space=0.0010527911779088944
csci=0.0010399783035327235
solution=0.0010357073454073337
et=0.0010314363872819395
configuration=0.0010271654291565504
