image=0.014035380366586098
use=0.010386200213852835
vision=0.0055562375771842755
al=0.004971469108949684
model=0.004950852271928593
et=0.0048271512498020384
algorithm=0.004058705506288613
point=0.003923758936695999
feature=0.003762572756349281
object=0.0032209122200678713
application=0.0031534389352715665
set=0.0029978755286578767
motion=0.002894791343552415
recognition=0.0028929170856414046
figure=0.002868551732798293
method=0.0026979942628965396
ieee=0.002660509104676363
camera=0.0026080298831681332
function=0.002572418982858976
datum=0.002504945698062672
technique=0.002443095186999395
result=0.002420604092067293
analysis=0.0024093585446012516
3d=0.0023793704180251085
pixel=0.002373747644292093
pattern=0.0022987773278517498
approach=0.002261292169631585
problem=0.0022350525588774664
pp=0.002225681269322431
region=0.00212259708421697
compute=0.0019913990304463803
match=0.001955788130137221
conference=0.0019183029719170572
machine=0.001878943555785883
color=0.0018395841396547075
estimate=0.0018283385921886541
value=0.0018227158184556307
matrix=0.0017814821444134459
different=0.0017758593706804213
information=0.001740248470371261
example=0.0017065118279731113
local=0.0017008890542400865
video=0.001667152411841936
science=0.001635290027354796
scene=0.0015809365479355515
base=0.0015640682267364767
number=0.0015340801001603446
scale=0.0015190860368722756
include=0.0015172117789612651
vol=0.0015059662314952193
shape=0.00149097216820715
visual=0.0014890979102961397
page=0.0014778523628300904
space=0.0014647325574530352
time=0.001459109783720007
parameter=0.001442241462520934
research=0.0014216246254998423
structure=0.0014047563043007685
filter=0.0013991335305677396
design=0.0013878879831016886
international=0.00138601372519068
work=0.0013747681777246353
new=0.0013691454039916064
surface=0.0013522770827925328
intelligence=0.0013241632141274033
case=0.0012979236033732885
line=0.0012885523138182475
detection=0.0012791810242632066
stereo=0.0012698097347081652
computational=0.001266061218886145
section=0.0012379473502210218
representation=0.0012210790290219482
vector=0.001211707739466907
face=0.001209833481555899
note=0.001200462192000856
learning=0.0011910909024458144
segmentation=0.0011742225812467369
texture=0.001164851291691694
make=0.001142360196759594
human=0.00112736613347153
perform=0.0011198691018274962
computing=0.0011161205860054785
edge=0.0011142463280944686
process=0.0011030007806284194
descriptor=0.0010955037489843863
search=0.0010861324594293451
estimation=0.001080509685696322
map=0.001078635427785312
linear=0.0010748869119632939
level=0.0010711383961412764
performance=0.0010542700749422015
2010=0.0010448987853871607
provide=0.0010355274958321196
term=0.0010299047220990961
change=0.0010186591746330447
location=0.001016784916722037
tracking=0.0010130364009000173
algorithms=0.001003665111344976
field=9.999165955229586E-4
2008=9.98042337611953E-4
