security=0.01768886192999952
use=0.006945065686837102
information=0.006753056330744852
science=0.005998110453382096
datum=0.0045624041316922334
programming=0.0045056740946649715
software=0.004409669416618852
course=0.004322392436576908
design=0.004217660060526591
network=0.00416529387250142
program=0.004099836137469966
include=0.003925282177386096
student=0.003645995841251909
prerequisite=0.00358926580422464
application=0.0035499911632057624
policy=0.0034714418811680288
language=0.0031572447530170598
analysis=0.0029259607559059247
research=0.0029215969069038266
engineering=0.00288668611488705
credit=0.0028212283798556004
topic=0.0028081368328493066
access=0.00270776830580108
technology=0.0026946767587947896
computing=0.0026859490607905948
control=0.0025899443827444653
algorithm=0.002568125137733988
work=0.002511395100706722
management=0.0024764843086899557
user=0.00246775661068576
systems=0.0023412049896249505
process=0.0022932026506018804
implementation=0.0022801111035955974
model=0.002236472613574625
protocol=0.0022321087645725273
university=0.002079374049499141
new=0.0020750102004970443
architecture=0.0019048200894152642
cs=0.0018960923914110761
study=0.0018830008444047834
type=0.001874273146400588
example=0.0018611815993942993
structure=0.0018349985053817152
development=0.0017826323173565552
introduction=0.001773904619352365
csc=0.0017520853743418772
technique=0.0017477215253397795
code=0.0017259022803292974
file=0.001699719186316717
database=0.0016866276393104247
method=0.001673536092304137
set=0.0016691722433020391
flow=0.0016517168472936496
project=0.0016386253002873578
game=0.0016211699042789727
concept=0.0015818952632600987
need=0.0015295290752349408
page=0.0015077098302244555
ip=0.0014989821322202597
service=0.0014946182832181636
change=0.001490254434216066
machine=0.0014640713402034875
class=0.0014466159441950963
approach=0.001424796699184616
hour=0.0013986136051720314
level=0.001372430511159455
internet=0.001359338964153162
requirement=0.0013506112661489664
object=0.0013462474171468703
device=0.0013418835681447729
theory=0.001328792021138486
processing=0.001320064323134292
privacy=0.0013157004741321946
case=0.001311336625130097
distribute=0.00128951738011961
host=0.0012851535311175185
data=0.001280789682115421
resource=0.001263334286107032
section=0.001258970437104934
pp=0.0012502427391007406
cover=0.0012458788900986432
ipsec=0.0012415150410965453
mechanism=0.0012240596450881621
state=0.001215331947083967
follow=0.001210968098081869
base=0.0012066042490797716
key=0.0011935127020734806
allow=0.0011891488530713882
value=0.0011716934570629998
different=0.001167329608060902
experience=0.0011586019100567066
principle=0.0011149634200357391
participant=0.0011105995710336417
server=0.0011062357220315438
property=0.0011018718730294484
organization=0.001093144175025258
major=0.0010887803260231602
department=0.0010669610810126742
sa=0.0010625972320105767
communication=0.0010582333830084789
