use=0.006536530480102757
science=0.006205351930282669
course=0.005016505854005467
model=0.004978292944410826
datum=0.004740523729155396
algorithm=0.0047277860926238525
analysis=0.004090904266046765
prerequisite=0.004086658387202917
include=0.003746988079695146
application=0.003543185895190481
language=0.0035007271067520112
design=0.0034922353490643094
programming=0.003483743591376619
student=0.0034073177721873718
credit=0.0033606131049050466
research=0.00316954855693193
engineering=0.003161056799244228
computational=0.00310161449543037
network=0.002965746372427267
method=0.0029487628570518693
program=0.002885074674394166
topic=0.002876582916706475
information=0.002859599401331077
computing=0.002855353522487231
image=0.0028298782494241555
problem=0.0028256323705803093
software=0.002736468914859514
structure=0.002715239520640282
cs=0.002485962063072528
university=0.002409536243883285
biology=0.002337356303537876
example=0.0022821598785678636
theory=0.002214225817066311
systems=0.002188750544003223
machine=0.0021547835132524527
function=0.0020910953305947407
technique=0.0019509813287477873
al=0.0019467354499039346
approach=0.0019297519345285459
math=0.0019127684191531632
et=0.0018703096307146891
study=0.0017471791442431163
mathematics=0.0017386873865554244
management=0.0017344415077115733
gene=0.0017132121134923435
database=0.0017047203558046473
set=0.0016962285981169548
learning=0.0016749992038977153
data=0.0016240486577715491
work=0.0016113110212400113
process=0.0015773439904892298
project=0.0015646063539576918
bicluster=0.0015179016866753712
processing=0.0015094099289876786
time=0.0015051640501438268
offer=0.0014966722924561343
implementation=0.0014754428982368976
pp=0.001466951140549205
instructor=0.0014627052617053595
search=0.001449967625173815
control=0.001445721746329968
type=0.0014414758674861218
hour=0.001407508836735346
number=0.0013990170790476467
value=0.0013862794425161104
computation=0.0013777876848284109
different=0.0013480665329214806
comp=0.0013353288963899423
development=0.001326837138702245
advanced=0.001318345381014552
feature=0.0013140995021707067
term=0.0013098536233268592
parallel=0.0013013618656391621
security=0.0012801324714199305
concept=0.0012716407137322314
knowledge=0.0012673948348883859
major=0.0012461654406691483
30=0.0012419195618253028
ieee=0.0012376736829814575
modeling=0.0012206901676060653
translation=0.0012164442887622198
base=0.001203706652230681
graph=0.0011952148945429822
case=0.0011909690156991367
tool=0.0011654937426360536
cse=0.0011570019849483605
simulation=0.0011485102272606636
result=0.0011400184695729706
row=0.0011315267118852774
architecture=0.0011187890753537333
web=0.0011145431965098875
protein=0.0011060514388221941
pattern=0.0011018055599783484
make=0.0010848220446029585
description=0.0010805761657591108
distribute=0.0010593467715398755
cover=0.0010466091350083315
csc=0.0010381173773206381
develop=0.0010338714984767924
basic=0.0010296256196329447
