architecture=0.009946622266213455
software=0.007859596354866005
design=0.00764987071181396
science=0.006729123986219496
use=0.005966950307810743
datum=0.005839068818144845
course=0.005225237667748532
cs=0.004718826968671596
engineering=0.004652328594045335
student=0.004340297759260537
programming=0.004294260422980812
credit=0.004232877307941192
application=0.004186839971661468
network=0.004048727962822295
prerequisite=0.003966883809436111
include=0.003700890310931055
language=0.0035218562253988
component=0.0031893643522674657
information=0.003174018573507557
architectural=0.003158672794747653
algorithm=0.0029694081900421255
csc=0.0029029098154158555
research=0.0027954893640965085
topic=0.002734106249056873
program=0.0026982994319504276
computing=0.002682953653190517
analysis=0.002677838393603882
model=0.0026164552785642465
hour=0.0025959942402177033
systems=0.0025346111251780762
style=0.0025039195676582545
event=0.00248345852931172
interface=0.0024067296355121744
management=0.002355577039645818
provide=0.002309539703366094
server=0.0022941939246061906
introduction=0.002283963405432916
structure=0.0021714276945269313
problem=0.002145851396593753
web=0.002089583541140751
distribute=0.0020588919836209414
require=0.0020282004261011253
project=0.0020230851665144858
process=0.0020026241281679473
set=0.001997508868581307
development=0.001977047830234761
technology=0.0019514715323015834
work=0.0019361257535416817
implementation=0.0019310104939550443
security=0.001910549455608499
memory=0.0018542816001555025
level=0.0018389358213955962
processing=0.0018338205618089636
university=0.001813359523462418
new=0.0017980137447025093
performance=0.0017928984851158765
technique=0.001787783225529239
study=0.0017570916680094224
database=0.0017212848509029737
pattern=0.0017059390721430616
support=0.0016803627742098823
communication=0.0016752475146232506
machine=0.0016496712166900714
control=0.001634325437930159
change=0.0016292101783435262
pp=0.0016189796591702546
type=0.0016138643995836186
example=0.0015524812845439909
csci=0.0015422507653707165
state=0.0015371355057840772
element=0.0014962134290909938
method=0.001485982909917721
notification=0.0014808676503310879
requirement=0.0014757523907444486
advanced=0.0014655218715711764
protocol=0.0014297150544647255
theory=0.0014041387565315458
parallel=0.0013990234969449124
instruction=0.0013939082373582738
number=0.0013785624585983677
major=0.0013734471990117343
tool=0.0013632166798384611
offer=0.0013325251223186433
resource=0.0013274098627320116
concept=0.0013222946031453717
object=0.0013171793435587385
develop=0.0012916030456255603
subscription=0.0012813725264522872
code=0.001250680968932469
30=0.0012455657093458359
interaction=0.001240450449759202
description=0.0012353351901725625
approach=0.0012302199305859293
semester=0.0012199894114126577
access=0.0012097588922393846
digital=0.00116372155595966
logic=0.0011586062963730266
result=0.001153491036786387
cover=0.001138145258026482
math=0.0011330299984398482
