datum=0.018214067173599528
mining=0.009488944897793275
use=0.007396456034198704
data=0.00599718434013856
pattern=0.00573187900365008
database=0.005505085732135758
rule=0.005214105685664535
information=0.0047819147342881415
set=0.004482376451156008
algorithm=0.004204233759676156
technique=0.0038961372398830948
analysis=0.003643669258385997
et=0.0034939001168199355
al=0.0034853418801590137
knowledge=0.0032414321353228344
conference=0.003198640952018248
model=0.0031387332953918216
user=0.002834915893929209
query=0.002822078538937839
international=0.002817799420607385
detection=0.0027835664739637098
frequent=0.00277072911897233
anomaly=0.002680867634032689
web=0.002599564385753957
time=0.0024669117175097283
example=0.002436957889196511
item=0.002432678770866053
application=0.0024283996525355867
new=0.002411283179213749
proceedings=0.0023984458242223817
research=0.002364212877578707
transaction=0.0023599337592482483
method=0.0023214216942741084
base=0.0023128634576131952
approach=0.0023000261026218127
discovery=0.0022443975643258456
support=0.0021887690260298793
association=0.002158815197716659
acm=0.0020603954761161027
number=0.00205611635778564
pp=0.0020133251744810505
attribute=0.001979092227837376
page=0.0018892307428977349
record=0.0018849516245672748
process=0.0018678351512454372
text=0.001863556032914975
result=0.001833602204601767
search=0.001825043967940845
different=0.0018207648496103848
clustering=0.0017865319029667101
science=0.0017779736663057957
large=0.0017694154296448738
network=0.001760857192983958
problem=0.0017522989563230368
table=0.0017480198379925813
term=0.0016709957080443152
contain=0.0016624374713833942
management=0.0016196462880788034
computing=0.0016153671697483449
language=0.0015383430398000781
systems=0.0015212265664782407
generate=0.0015169474481477848
instance=0.0014869936198345674
provide=0.0014827145015041115
cluster=0.0014784353831736497
sequence=0.0014399233181995185
privacy=0.0014356441998690619
classification=0.0014313650815385994
type=0.0014142486082167618
group=0.001388573898234006
follow=0.0013800156615730872
structure=0.0013628991882512513
point=0.0013543409515903329
discover=0.0013372244782684957
section=0.0013243871232771207
machine=0.001315828886616202
vol=0.0012987124132943647
student=0.0012901541766334459
order=0.00126447946665069
work=0.001243083874998396
class=0.0012216882833460982
ieee=0.0012174091650156418
technology=0.001208850928354723
case=0.0012045718100242608
university=0.0011788971000415052
xml=0.0011617806267196732
google=0.0011489432717282924
itemset=0.0011403850350673735
survey=0.0011318267984064547
fptree=0.0011232685617455366
apply=0.0011018729700932423
identify=0.0010933147334323257
dataset=0.0010719191417800265
tree=0.0010676400234495695
sentiment=0.0010505235501277325
statistical=0.001046244431797271
issue=0.0010334070768058948
test=0.0010162906034840576
lcb=9.9917413016222E-4
online=9.948950118317628E-4
