database=0.027465239427315113
datum=0.012570063069665675
use=0.011099125695469532
record=0.0069443727613365345
set=0.006304385973966987
schema=0.00470441900554312
oracle=0.004456682184625861
type=0.0042605572013997145
statement=0.004188300628632181
sql=0.004028303931789787
application=0.003723794089412349
example=0.0036928269867976867
support=0.003522507922417091
access=0.003491540819802429
query=0.003279932285268955
user=0.0031044520371192323
table=0.003083807302042798
data=0.0030373566481208198
transaction=0.002965100075353279
program=0.0029341329727386243
information=0.00287735995127842
run=0.0028670375837402096
management=0.0028463928486637743
server=0.0028102645622800067
file=0.002789619827203571
create=0.002701879703128712
store=0.00265542904920673
mysql=0.002495432352364344
pattern=0.0024386593309041397
time=0.0023199521042146227
value=0.002304468552907299
update=0.0022012448775251066
page=0.002190922509986891
new=0.002180600142448669
component=0.002165116591141346
object=0.002159955407372238
language=0.0020980212021429207
current=0.0020670540995282667
procedure=0.002041248180682717
section=0.0020360869969136093
mining=0.0019535080566078595
item=0.0019380245053005343
cobol=0.001927702137762315
model=0.0018915738513785559
need=0.0018864126676094437
follow=0.0018348008299183516
view=0.0018038337273036944
write=0.001788350175996368
source=0.0017831889922272609
performance=0.001778027808458149
make=0.0017728666246890367
contain=0.0017677054409199287
process=0.0017625442571508223
different=0.0017573830733817102
include=0.0017418995220743834
number=0.0017264159707670568
frequent=0.0017057712356906179
display=0.0017006100519215111
result=0.0016902876843832876
search=0.001685126500614181
unit=0.0016799653168450726
yes=0.001669642949306854
design=0.0016438370304613084
software=0.0016128699278466498
condition=0.0015973863765393222
cache=0.001576741641462887
multiple=0.0015612580901555593
select=0.0015560969063864475
code=0.0015406133550791192
work=0.0015302909875409007
member=0.0015148074362335737
nosql=0.001504485068695355
web=0.001473517966080698
local=0.0014683567823115932
dbms=0.0014631955985424808
currency=0.0014373896796969353
error=0.0014270673121587188
allow=0.0014167449446205007
perform=0.0014115837608513896
order=0.0013961002095440602
change=0.0013754554744676262
02=0.0013702942906985147
end=0.0013548107393911853
operation=0.0013444883718529697
read=0.0013393271880838581
large=0.0013341660043147516
function=0.0013290048205456403
processor=0.001323843636776529
image=0.0013083600854692059
algorithm=0.0012928765341618767
specify=0.0012877153503927654
feature=0.001277392982854549
fetch=0.001267070615316331
node=0.0012567482477781086
subschema=0.0012515870640090018
fptree=0.0012257811451634561
require=0.0012154587776252344
class=0.0012102975938561291
open=0.0011999752263179106
pic=0.0011948140425488
