use=0.008210562569395896
computing=0.007868723526750833
distribute=0.006360005346054191
datum=0.00548613110169839
application=0.005427016079286088
service=0.00516485380597936
context=0.005087747255006781
user=0.004031387506682567
process=0.003913157461857957
message=0.0037229613027922807
information=0.0034402372825595258
network=0.0034093946621704956
model=0.0033965435703417423
provide=0.0032783135255171295
resource=0.003237190031665092
design=0.003080406711354198
communication=0.003029002344039153
time=0.0030161512522103866
programming=0.00278226138092693
systems=0.002712865485051613
software=0.002594635440227004
include=0.0025046777974256657
example=0.0024918267055969107
object=0.0024635543035736373
support=0.0024609840852078753
environment=0.002437852119916103
problem=0.0023761668791380526
research=0.0023530349138462803
language=0.002329902948554508
file=0.0023144816383599913
new=0.0022887794547024687
protocol=0.002268217707776457
algorithm=0.002255366615947691
architecture=0.002232234650655918
program=0.002180830283340873
access=0.0021114343874655567
sensor=0.0020805917670765335
grid=0.002062600238516262
server=0.002060030020150511
database=0.002049749146687504
management=0.002042038491590244
component=0.0020266171813957327
university=0.002018906526298473
pp=0.002008625652835466
work=0.001995774561006701
make=0.001972642595714928
state=0.0019469404120574063
technology=0.0018749742978163458
schema=0.0018646934243533315
science=0.0018595529876218298
need=0.00185698276925608
cloud=0.0018209997121355428
machine=0.001733612287699962
interface=0.0017310420693342104
agent=0.0017233314142369536
base=0.0016976292305794314
require=0.0016950590122136754
implementation=0.0016873483571164228
parallel=0.0016719270469219033
acm=0.0016667866101904019
control=0.0016230928979726086
ubiquitous=0.001612812024509605
approach=0.0015948204959493346
event=0.0015665480939260617
proceedings=0.001548556565365791
storage=0.0015434161286342893
performance=0.0015279948184397753
type=0.0015228543817082689
figure=0.001502292634782253
ieee=0.0014663095776617202
international=0.001435466957272689
set=0.0014251860838096792
number=0.0014226158654439271
operation=0.0014200456470781773
device=0.0014123349919809164
interaction=0.001409764773615166
security=0.0014071945552494155
processor=0.0014020541185179069
simulation=0.001399483900152155
development=0.0013814923715918916
send=0.0013737817164946322
mobile=0.001363500843031623
conference=0.0013480795328371098
credit=0.0013455093144713595
way=0.001337798659374099
request=0.0013352284410083485
data=0.0013198071308138353
prerequisite=0.0013146666940823282
node=0.0013095262573508256
vol=0.0012915347287905563
implement=0.001288964510424804
multiple=0.0012606921084015313
mechanism=0.001258121890035779
define=0.0012478410165727696
follow=0.0012349899247440085
course=0.001227279269646748
local=0.0012144281778179863
group=0.0012118579594522364
share=0.0012067175227207278
create=0.0011938664308919667
