use=0.008821250706263746
design=0.006375054567478176
time=0.004398171514268817
application=0.004212019396526305
model=0.0041595821802608
software=0.0039078835421864026
hardware=0.0031790062360959417
process=0.0029509043453410156
component=0.0028853578250091477
embedded=0.0028591392168763907
network=0.002686096403200248
processor=0.002539272197656844
memory=0.0024737256773249634
provide=0.002465860094885142
signal=0.0024501289300054912
device=0.0024396414867523886
example=0.0024265321826860147
communication=0.002387204270486889
architecture=0.0023662293839806976
code=0.002347876358287766
pp=0.002337388915034663
language=0.002305926585275369
number=0.0022220270392505643
set=0.002090933998586814
ieee=0.0020699591120806144
information=0.00204374050394787
require=0.0020411186431345896
base=0.0019729502619894408
performance=0.001949353514669963
program=0.00192575676735049
task=0.0019021600200310178
support=0.0018759414118982656
implementation=0.0018733195510849932
state=0.0018418572213256908
method=0.0018339916388858677
include=0.001826126056446043
level=0.0018077730307531157
function=0.001802529309126565
different=0.0017632013969274387
database=0.0017500920928610636
value=0.0017396046496079656
algorithm=0.001734360927981415
logic=0.0017186297631017664
technique=0.0016976548765955666
analysis=0.001684545572529191
file=0.001629486495450416
computing=0.001626864634637142
power=0.0016137553305707627
vol=0.0016032678873176666
section=0.0016006460265043925
new=0.001587536722438015
image=0.001542965088612344
make=0.0015324776453592424
operation=0.0015272339237326906
figure=0.0015193683412928658
watermark=0.0014957715939733901
implement=0.0014774185682804686
event=0.0014695529858406433
test=0.0014669311250273668
programming=0.0014643092642140918
user=0.001461687403400815
technology=0.0014511999601477146
al=0.0014276032128282409
instruction=0.0014249813520149648
order=0.0014092501871353182
access=0.0013830315790025638
cost=0.0013777878573760123
et=0.0013673004141229175
execution=0.0013541911100565388
interface=0.0013410818059901679
systems=0.0013305943627370668
embed=0.0013174850586706894
problem=0.0012965101721644915
allow=0.0012860227289113882
sensor=0.0012650478424051917
physical=0.0012598041207786401
block=0.0012571822599653645
development=0.0012362073734591664
processing=0.001225719930206065
register=0.0012152324869529637
size=0.0012073669045131424
protocol=0.001202123182886591
develop=0.001196879461260041
perform=0.0011863920180069385
requirement=0.0011706608531272915
digital=0.0011627952706874665
fig=0.0011601734098741904
machine=0.0011496859666210895
research=0.0011470641058078136
available=0.0011444422449945382
input=0.0011339548017414403
proceedings=0.001126089219301615
attack=0.0011077361936086922
platform=0.0011051143327954164
environment=0.0011024924719821407
run=0.0010893831679157642
10=0.0010841394462892129
page=0.0010815175854759392
realtime=0.0010736520030361167
tool=0.0010684082814095656
