use=0.009346553064642828
information=0.004558568606432321
document=0.0043437748638883306
query=0.0035622483358527073
retrieval=0.003517877797486807
image=0.003516869376160309
result=0.003473507259120917
search=0.0032607303592299313
datum=0.0032587135165769348
set=0.0032375366687204857
algorithm=0.003215351399537542
user=0.0030146755555645124
model=0.002831142874141961
term=0.002807949183632509
text=0.002524582790886693
approach=0.0023168479976281913
method=0.0022301237635493983
number=0.0022281069208964026
example=0.0021907953318159937
application=0.0021454163721236013
word=0.0020677679299832903
feature=0.0020465910821268448
theory=0.0020254142342703914
web=0.002020372127637902
time=0.002013313178352423
process=0.00201028791437293
new=0.001976001589272007
object=0.001969951061313026
different=0.0019215468376411445
value=0.0018479320808068198
page=0.0018227215476443758
present=0.001809612070399907
research=0.0018005362784614314
session=0.0017995278571349335
provide=0.0017692752173400048
case=0.0017672583746870087
analysis=0.0017581825827485324
performance=0.0016765004553022285
section=0.0016744836126492326
technique=0.0016210372823448618
work=0.0016109530690798881
problem=0.0015827172719379554
figure=0.0015413719975515543
detection=0.001534313048266068
field=0.001511119357756625
measure=0.0015040604084711445
make=0.0014970014591856595
target=0.0014889340885736765
al=0.0014778414539822057
function=0.0014768330326557074
pp=0.0014526309208197643
include=0.001423386702351339
space=0.0014112856464333636
proceedings=0.0014072519611273732
sensor=0.0013729656360264573
order=0.0013578393161289947
large=0.0013386793109255411
processing=0.0013316203616400566
language=0.001322544569701576
point=0.0013134687777631012
test=0.0013094350924571093
design=0.0012822077166416731
evaluation=0.0012711150820502023
experiment=0.0012519550768467494
need=0.001216660330419329
consider=0.0012136350664398406
conference=0.001200525589195368
collection=0.0011803571626654169
study=0.0011450624162380044
task=0.0011359866242995238
form=0.0011269108323610489
develop=0.001118843461749065
database=0.0011087592484840916
follow=0.0011006918778721094
technology=0.0010926245072601275
vector=0.0010845571366481501
high=0.00107951503001566
level=0.001077498187362664
classification=0.001062371867465203
structure=0.0010563213395062148
source=0.0010553129181797166
string=0.0010492623902207353
require=0.0010290939636907795
similarity=0.0010280855423642856
discuss=0.0010190097504258059
represent=0.0010159844864463116
pattern=0.0010008581665488505
index=9.978329025693566E-4
topic=9.86740267977885E-4
semantic=9.796813186924017E-4
score=9.685886841009258E-4
list=9.564876281829559E-4
contain=9.554792068564578E-4
domain=9.544707855299598E-4
allow=9.494286788974722E-4
state=9.474118362444766E-4
filter=9.453949935914839E-4
class=9.413613082854921E-4
relevant=9.353107803265066E-4
10=9.332939376735103E-4
