knowledge=0.011824014889319293
information=0.008472941055783665
datum=0.008003986116979833
management=0.006953722451950436
ontology=0.006308909411095186
use=0.005625016792006275
database=0.004325620815737342
technology=0.004310965973899734
research=0.004139992819127506
design=0.00396901966435527
science=0.0034316754636425574
web=0.003153233468727788
application=0.003104383995935717
systems=0.0030994990486565227
process=0.0030311097867476234
language=0.0030115699976308026
pp=0.002835711895579372
business=0.0027673226336704716
model=0.002674508635365556
development=0.002571924742502222
organization=0.0025621548479438077
concept=0.002523075269710155
student=0.002518190322430946
analysis=0.002513305375151737
support=0.002508420427872528
software=0.0024937655860349166
data=0.0024693408496388753
mining=0.002459570955080473
work=0.002430261271405227
social=0.002391181693171574
university=0.002356987062217127
international=0.002332562325821101
new=0.00228859780030824
engineering=0.002234863380236965
include=0.0022250934856785573
provide=0.002117624645536017
base=0.002098084856419186
user=0.0020541203309063253
learning=0.002044350436347912
conference=0.002034580541789503
cs=0.0020199256999518804
journal=0.0019515364380429938
project=0.00189780201797172
develop=0.0018245278087836239
semantic=0.0017805632832707638
study=0.0017659084414331483
tool=0.0017610234941539402
example=0.001741483705037111
different=0.0017219439159202874
capital=0.001682864337686635
network=0.0016730944431282233
need=0.0016437847594529822
course=0.0016291299176153637
make=0.00161936002305695
mobile=0.0016144750757777467
time=0.001590050339381711
practice=0.0015753954975440939
content=0.0015363159193104428
source=0.001526546024752026
organizational=0.0015216610774728232
problem=0.0015118911829144085
learn=0.0014874664465183737
access=0.0014728116046807556
theory=0.001467926657401548
structure=0.0014581567628431378
group=0.0014483868682847213
proceedings=0.0014288470791678951
prerequisite=0.0014239621318886924
search=0.0014190771846094852
representation=0.001389767500934249
set=0.001355572869979799
level=0.0013506879227005962
human=0.001336033080862973
education=0.0013311481335837702
approach=0.0013116083444669438
server=0.0013067233971877366
class=0.0013018384499085276
service=0.0012822986607917012
resource=0.001277413713512494
issue=0.0012627588716748748
school=0.001257873924395674
technique=0.0012334491879996403
algorithm=0.0011943696097659882
domain=0.0011748298206491618
computing=0.0011699448733699528
processing=0.0011650599260907457
quality=0.0011504050842531266
value=0.001135750242415509
online=0.0011308652951363002
transfer=0.0011259803478570931
communication=0.0011210954005778917
credit=0.0010966706641818565
form=0.0010917857169026497
role=0.0010869007696234457
create=0.0010771308750650301
method=0.0010673609805066193
focus=0.0010624760332274127
case=0.001047821191389793
require=0.001038051296831378
way=0.0010282814022729671
