learning=0.01463812059065785
machine=0.010030320755392676
use=0.008269568227668297
datum=0.006687875279034509
algorithm=0.005189743467309701
learn=0.004974871972400944
model=0.004288476919220246
method=0.0036677370450394564
feature=0.0035423953396760237
example=0.0033633357605854005
conference=0.0031962134867674955
process=0.0031066836972221917
problem=0.002909718160222509
science=0.0028560002864953258
information=0.002778407802222722
proceedings=0.00271275262322284
set=0.00268887801267742
deep=0.002682909360041064
research=0.0026769407074047073
pp=0.002670972054768352
international=0.002509818433586802
data=0.0024501319072232635
value=0.0024202886440414994
intelligence=0.0024023826861324354
function=0.0023367275071325406
processing=0.002288978286041713
result=0.002283009633405358
state=0.0022770409807690013
new=0.0022651036754962905
approach=0.002241229064950881
network=0.0022233231070418187
action=0.0021636365806782794
training=0.00210395005431474
policy=0.002056200833223912
google=0.0020263575700421384
label=0.002008451612133079
task=0.001990545654224018
application=0.0019607023910422445
make=0.0019248904752241227
artificial=0.0017935801172243384
space=0.0017398622434971506
analysis=0.0017338935908607998
base=0.001721956285588089
al=0.001686144369769966
et=0.0016204891907700722
ontology=0.0016085518854973677
2016=0.001590645927588304
decision=0.001584677274951954
computing=0.0015787086223155997
systems=0.001548865359133829
number=0.0015428967064974749
class=0.0015249907485884147
human=0.001495147485406646
support=0.0014533669169521654
ai=0.001447398264315811
search=0.0014414296116794614
reinforcement=0.001429492306406752
rule=0.0014056176958613378
case=0.0013757744326795681
dataset=0.0013638371274068582
classification=0.0013459311694977991
channel=0.0013399625168614428
university=0.0013160879063160295
user=0.0013101192536796732
knowledge=0.001304150601043319
theory=0.0012981819484069697
engineering=0.0012862446431342598
accuracy=0.001214620811498011
include=0.0012086521588616608
software=0.0011788088956798909
unlabeled=0.0011609029377708257
vol=0.0011429969798617675
web=0.001137028327225412
design=0.001131059674589056
attribute=0.0011250910219527024
large=0.0011012164114072886
programming=0.001095247758770933
vector=0.001089279106134582
virtual=0.0010833104534982289
section=0.0010773418008618726
way=0.0010713731482255191
simple=0.0010654044955891635
selection=0.0010594358429528127
provide=0.0010534671903164592
test=0.001047498537680103
journal=0.0010355612324073984
computational=0.0010295925797710428
tree=0.0010236239271346895
instance=0.0010176552744983333
environment=0.0010116866218619802
reward=0.0010057179692256287
perform=9.99749316589273E-4
kernel=9.937806639529199E-4
post=9.878120113165642E-4
graph=9.818433586802108E-4
calculus=9.699060534075058E-4
tool=9.579687481347948E-4
concept=9.460314428620892E-4
run=9.340941375893806E-4
possible=9.161881796803195E-4
