science=0.01525731443334964
management=0.00918231967041406
information=0.00854611332231611
engineering=0.007196114486108206
student=0.006497839226000667
course=0.006435770313991116
university=0.005923701789912254
datum=0.005760770895887164
research=0.005714219211879982
design=0.00561335722986445
programming=0.005202150687801125
systems=0.005085771477783215
prerequisite=0.00505473702177844
database=0.005046978407777235
credit=0.004984909495767683
technology=0.004783185531736618
cs=0.004690082163722281
include=0.004247841165654172
program=0.004131461955636241
international=0.0037900829395836663
language=0.0037590484835788905
csc=0.0037124967995717313
application=0.003603876203554996
topic=0.0035573245195478233
analysis=0.003549565905546632
computing=0.003471979765534687
study=0.003355600555516759
development=0.0032237041174964505
journal=0.0031849110474904737
business=0.0031306007494821203
data=0.003053014609470162
security=0.0029987043114617982
master=0.002781463119428342
algorithm=0.002696118365415197
network=0.002540946085391301
sciences=0.0023314635073590478
education=0.00231594627935666
project=0.002284911823351879
web=0.0022461187533459044
hour=0.002215084297341128
department=0.002199567069338735
graduate=0.0021452567713303723
advanced=0.0021219809293267847
model=0.002052153403316029
social=0.0020133603333100584
degree=0.0019900844913064712
theory=0.0019512914213004977
introduction=0.0019202569652957161
work=0.001889222509290939
structure=0.0018581880532861632
major=0.001834912211282577
process=0.001819394983280184
online=0.001772843299273019
technique=0.0017650846852718218
faculty=0.0017495674572694333
csci=0.0017340502292670396
problem=0.0017262916152658483
human=0.0017107743872634602
architecture=0.0016564640892550975
organization=0.0016331882472515077
conference=0.0016099124052479262
library=0.0015633607212407574
computational=0.001555602107239565
method=0.0015478434932383693
learning=0.0015400848792371704
area=0.0015245676512347826
pp=0.001516809037233586
math=0.0014857745812288101
access=0.0014780159672276153
processing=0.0014547401252240325
machine=0.001439222897221638
distribute=0.0014314642832204433
apply=0.0014004298272156659
policy=0.0013926712132144717
communication=0.0013538781432084997
digital=0.0013461195292072995
provide=0.0013383609152061056
state=0.0013306023012049112
cse=0.0012995678452001334
ba=0.0012685333891953557
intelligence=0.0012607747751941613
phd=0.0012530161611929672
professor=0.0012297403191893794
concept=0.0012064644771857954
programs=0.0011987058631846013
requirement=0.001183188635182213
issue=0.001175430021181017
parallel=0.0011676714071798227
studies=0.0011599127931786288
experience=0.0011521541791774295
environmental=0.0011443955651762355
learn=0.0011366369511750412
tool=0.0011211197231726514
description=0.001113361109171457
home=0.0011056024951702629
2017=0.0010978438811690692
cpt=0.0010900852671678746
center=0.0010823266531666785
instructor=0.0010745680391654846
bib=0.0010590508111630917
