use=0.006747169572066188
problem=0.004808475378529079
function=0.004509499984149388
algorithm=0.004354273271162487
set=0.0041689850468576975
number=0.0039006177367289356
model=0.003386292606726569
method=0.0031982715177565147
point=0.002943021958021012
result=0.002495378725851039
value=0.0024368954220144244
example=0.0023538163361904473
define=0.00226527152103595
case=0.0022461414683791186
section=0.0022335702909189116
datum=0.0021783664246806107
time=0.0020570272335429605
graph=0.002044456056082752
state=0.002034617743287809
figure=0.002028605441024234
design=0.001932408604807004
solution=0.0018733787280373335
random=0.0018520623836482872
analysis=0.0018056036843388252
consider=0.0017503998181005267
base=0.0017121397127868566
space=0.0016793453368037063
variable=0.001665134440544345
parameter=0.0016257811893645633
follow=0.0015995456885780472
information=0.0015252117696829114
pp=0.0015033488523608111
form=0.0014913242478336584
constraint=0.0014880448102353447
equation=0.0014618093094488234
new=0.0014552504342521958
tree=0.0014421326838589374
edge=0.001433934089863146
matrix=0.0014262820688004136
issn=0.001418083474804627
let=0.001410431453741894
structure=0.0013765439318926401
approach=0.0013639727544324353
distribution=0.0013563207333696962
linear=0.0013557741604366437
obtain=0.001330631805516235
probability=0.0013278989408509717
order=0.0013158743363238141
apply=0.0013136880445916046
control=0.0013131414716585521
vector=0.0013054894505958178
image=0.001287999116738142
different=0.0012814402415415075
theory=0.001280347095675403
optimization=0.0012765210851440364
coden=0.0012612170430185696
network=0.0012535650219558372
research=0.001253018449022785
make=0.001248645865558364
term=0.0012470061467592072
provide=0.0012453664279600501
sequence=0.0012300623858345775
search=0.0012131186249099532
include=0.0012120254790438485
optimal=0.0012010940203827964
planning=0.0011928954263870093
ieee=0.001192348853453957
path=0.0011622873421360713
solve=0.0011579147586716523
node=0.0011480764458767084
compute=0.0011458901541444991
technique=0.0011360518413495552
programming=0.001124573809755451
chapter=0.0011207477992240843
convex=0.001112002632295245
generate=0.0011109094864291404
sensor=0.0011103629134960882
process=0.001108723194696931
vertex=0.001102710892433355
general=0.0010999780277680938
possible=0.0010977917360358823
component=0.0010884999961739876
mean=0.0010742890999146245
condition=0.0010660905059188394
performance=0.0010622644953874733
print=0.001060624776588314
step=0.0010595316307222095
cost=0.001040948150998423
class=0.0010327495570026377
size=0.001023457817140748
present=9.961291704881222E-4
work=9.933963058228604E-4
10=9.92303159956756E-4
et=9.901168682245468E-4
url=9.841045659609684E-4
vol=9.830114200948638E-4
rule=9.819182742287589E-4
action=9.726265343668652E-4
need=9.693470967685509E-4
represent=9.682539509024463E-4
