image=0.007989813727778506
use=0.007745956321654876
datum=0.006035470801559303
information=0.004910243056160351
network=0.00410551361595246
multimedia=0.004032356394115367
retrieval=0.003969650203969296
application=0.0038546888553681654
design=0.0035829620314018658
video=0.003548125259098495
feature=0.0034680006828007332
object=0.0030569267696209383
algorithm=0.0029419654210198153
model=0.0028583571674917203
user=0.002743395818890583
database=0.0026911406604355264
query=0.002576179311834403
result=0.0025378588623006866
set=0.002520440476149
base=0.0024124464820085506
pp=0.0023741260324748347
ieee=0.002287034101716407
different=0.002276583070025399
provide=0.0022730993927950554
method=0.0022626483611040437
analysis=0.0020501440500534725
number=0.0020222746322107747
service=0.0019839541826770684
new=0.0019247316697613346
include=0.001917764315300661
research=0.0019073132836096476
search=0.0018968622519186338
student=0.0018655091568455992
vol=0.001862025479615262
course=0.001848090770693914
watermark=0.0018167376756208777
example=0.0018062866439298693
work=0.001799319289469192
document=0.0017923519350085148
et=0.0017784172260871703
access=0.0017540314854748078
al=0.0017261620676321085
management=0.001708743681480423
science=0.0016704232319467154
space=0.0016460374913343514
stream=0.0016425538141040155
processing=0.0016112007190309805
web=0.0015868149784186185
rate=0.0015693965922669315
score=0.0015519782061152456
need=0.0015450108516545688
time=0.0015380434971938983
language=0.001520625111042213
text=0.0015171414338118747
digital=0.0015101740793511981
visual=0.001496239370429851
case=0.0014857883387388404
software=0.0014509515664354634
figure=0.0014439842119747931
programming=0.0014300495030534458
approach=0.0014091474396714211
systems=0.0014056637624410837
function=0.0013708269901377109
node=0.0013325065406040023
security=0.0013290228633736632
signal=0.0013220555089129868
color=0.001318571831682654
control=0.0013081207999916385
conference=0.001297669768300629
protocol=0.001294186091070292
sensor=0.0012907024138399529
level=0.0012384472553848965
data=0.001227996223693881
performance=0.0012175451920028722
program=0.0012140615147725328
proc=0.0012105778375421936
communication=0.0012070941603118566
area=0.0011931594513905084
make=0.0011861920969298376
packet=0.0011827084196994989
learning=0.0011792247424691619
wireless=0.0011687737107781467
study=0.0011652900335478132
structure=0.0011548390018567983
value=0.0011478716473961273
recognition=0.0011409042929354516
require=0.0011374206157051122
computing=0.001126969584014103
issue=0.001120002229553427
follow=0.001116518552323088
type=0.0010956164889410656
similarity=0.0010816817800197167
audio=0.0010747144255590414
engineering=0.0010677470710983702
layer=0.0010607797166376925
prerequisite=0.0010503286849466846
project=0.0010433613304860064
state=0.00103987765325567
media=0.00102942662156466
machine=0.0010259429443343212
