use=0.007675678066608254
language=0.007446223256765469
word=0.005007920337713246
model=0.004712117149120744
text=0.004618123612558644
information=0.004474368791934248
semantic=0.003653307604906457
example=0.0030395851014715586
datum=0.003025762522565362
application=0.0029179464070970616
processing=0.0027603690075664825
proceedings=0.0026746690183480915
document=0.0026636109552231352
knowledge=0.002588969029129701
natural=0.0025862045133484618
semantics=0.0025475012924111302
meaning=0.002514327103036264
analysis=0.0024756238820989314
pp=0.0024148045349116905
number=0.002373336798193118
set=0.002315281966787105
sentence=0.00229869487209968
concept=0.0022931658405372026
value=0.0022738142300685322
learning=0.00223234649334996
ontology=0.0022268174617874822
result=0.0022185239144437686
make=0.0021411174725690925
section=0.0021024142516317588
theory=0.0020968852200692815
work=0.0020830626411630897
task=0.0020471239360069873
different=0.0020056561992884137
new=0.0019863045888197446
method=0.0019724820099135576
case=0.0019614239467886014
ontological=0.0019503658836636495
research=0.0019337787889762155
type=0.0019282497574137378
base=0.001925485241632499
approach=0.0018978400838201195
structure=0.0018950755680388813
retrieval=0.0018729594417889737
page=0.0018701949260077346
search=0.0018425497681953497
computational=0.0018397852524141103
lexical=0.0018259626735079224
et=0.001823198157726683
al=0.0018066110630392538
patent=0.0017983175156955362
conference=0.0017927884841330587
term=0.00171261752647715
algorithm=0.0017098530106959106
machine=0.0016987949475709588
problem=0.0016932659160084815
relation=0.0016794433371022923
provide=0.0016048014110088547
figure=0.001588214316321421
query=0.0015799207689777095
linguistics=0.0015633336742902789
representation=0.0015578046427278016
instance=0.0015273949691341797
follow=0.0015191014217904684
rule=0.0015108078744467523
process=0.0014721046535094149
property=0.0014665756219469364
tag=0.0014389304641345547
nlp=0.0014195788536658892
image=0.0014085207905409338
speech=0.001402991758978456
web=0.0013974627274159776
english=0.001375346601166074
fact=0.001353230474916169
form=0.0013504659591349298
corpus=0.001322820801322542
science=0.0013117627381975935
lexicon=0.0013062337066351152
similarity=0.0012868820961664492
input=0.0012675304856977767
issue=0.0012620014541352984
way=0.001259236938354061
source=0.0012454143594478715
event=0.0012371208121041558
grammar=0.0012232982331979623
support=0.001220533717416723
domain=0.0012177692016354896
need=0.0011928885596043412
international=0.001170772433354436
present=0.0011680079175731969
review=0.0011458917913232914
description=0.001132069212417098
function=0.0011265401808546215
learn=0.00111548211772967
classification=0.0011099530861671942
evaluation=0.001104424054604716
content=0.001101659538823477
university=0.001096130507260999
general=0.0010850724441360494
syntactic=0.0010767788967923342
object=0.001071249865229856
