use=0.0062009375179996
datum=0.0043309512706832766
organization=0.004223644042989176
process=0.004039012489456666
information=0.004027966157194035
management=0.003993249112940073
work=0.0035198348731131424
structure=0.003341515509445005
model=0.0032294741393526444
research=0.0029769865447782868
design=0.0027260769976700174
state=0.0027150306654073813
decision=0.002710296523009111
knowledge=0.002703984333144755
problem=0.0026424404819672606
implementation=0.0024972601150869984
example=0.0024941040201548197
program=0.002460965023366935
time=0.0024578089284347537
service=0.0024152016468503307
science=0.002342611463410213
make=0.0022652871375718133
control=0.0022337261882500177
software=0.002161136004809885
application=0.002134309197886366
provide=0.0021201067706915514
support=0.002071187299242772
value=0.002022267827793994
include=0.001992284925938284
change=0.001985972736073927
group=0.0019370532646251486
need=0.0019354752171590586
study=0.0019118045051677102
function=0.0019086484102355276
analysis=0.001907070362769439
company=0.0019039142678372596
result=0.0018691972235832877
pp=0.0018597289387867484
number=0.0018392143217275847
al=0.0018281679894649545
et=0.0018234338470666826
development=0.0018202777521345048
level=0.0018139655622701476
operation=0.001779248518016171
systems=0.001753999758558739
business=0.001711392476974316
course=0.0016703632428559825
policy=0.0016466925308646354
action=0.0016435364359324576
set=0.0016403803410002795
database=0.0015930389170175888
organizational=0.0015851486796871369
practice=0.001563056015161879
manager=0.0015614779676957904
form=0.0015172926386452788
method=0.0014983560690522018
case=0.0014920438791878427
technology=0.0014888877842556647
type=0.001480997546925212
project=0.0014683731671964986
university=0.001441546360272969
network=0.001417875648281623
different=0.0014115634584172666
user=0.0013973610312224558
cost=0.0013926268888241888
activity=0.0013800025090954687
require=0.0013768464141632906
international=0.001367378129366755
figure=0.0013547537496380333
unit=0.001346863512307588
environment=0.001321614752850153
resource=0.0013184586579179684
base=0.0013153025629857903
market=0.001301100135790986
language=0.001280585518731819
component=0.0012632269966048324
performance=0.0012600709016726522
engineering=0.0012253538574186764
machine=0.0012237758099525875
issue=0.0012079953352916878
schema=0.0012048392403595095
order=0.0011906368131647013
social=0.001185902670766432
technique=0.001182746575834254
journal=0.0011527636739785511
view=0.0011448734366481005
staff=0.0011369831993176536
task=0.0011196246771906645
student=0.0011180466297245756
factor=0.001103844202529767
approach=0.0011022661550636758
theory=0.0010959539651993198
way=0.0010643930158775229
planning=0.0010580808260131644
power=0.0010407223038861777
measure=0.0010280979241574608
customer=0.0010154735444287413
important=0.0010138954969626526
point=0.0010123174494965634
communication=0.0010028491647000267
