use=0.009823971166206393
file=0.007495986764009422
server=0.006284327775283387
application=0.005121873212495464
operating=0.004310000184516601
time=0.004186989119671307
datum=0.00417161273656565
network=0.004107031927521877
process=0.003990171415918857
user=0.003937891713359619
kernel=0.0037318481797437627
resource=0.0035780843486871673
memory=0.0033259116657543336
page=0.003313610559269814
service=0.003162922004834336
program=0.003092190642548293
design=0.0029968570672931965
run=0.002981480684187545
provide=0.002938426811491696
machine=0.002849243789478867
information=0.0026862541285588588
software=0.002655501362347545
access=0.0026155227662728302
systems=0.0026093722130305637
example=0.0025847700000615
thread=0.0025663183403347163
performance=0.0025447914039867852
support=0.002514038637775468
control=0.0023695006365822575
address=0.0023387478703709424
number=0.0023049198275384903
processor=0.0022803176145694275
work=0.0022280379120101844
virtual=0.0022126615289045277
security=0.002191134592556599
set=0.0021634571029664137
management=0.0020681235277113215
include=0.002061972974469056
make=0.002046596591363389
require=0.002028144931636603
hardware=0.0020096932719098075
allow=0.002000467442046408
code=0.0019973921654252787
message=0.0019850910589407538
distribute=0.0019604888459716923
object=0.001942037186244906
section=0.0018897574836856583
change=0.0018713058239588638
space=0.001837477781126415
implementation=0.0018313272278841495
need=0.0018005744616728279
os=0.0017944239084305674
task=0.0017544453123558466
directory=0.0017452194824924528
database=0.0017421442058713204
operation=0.001723692546144526
interface=0.001689864503312072
request=0.0016867892266909388
linux=0.0016345095241316917
domain=0.0016068320345415084
command=0.001582229821572451
client=0.0015791545449513177
case=0.0015576276086033951
architecture=0.0015330253956343368
programming=0.0015207242891498065
cache=0.0015114984592864142
computing=0.0015084231826652807
write=0.0014991973528018817
block=0.0014961220761807548
figure=0.001486896246317356
create=0.0014684445865905662
operate=0.001456143480106034
algorithm=0.0014499929268637737
acm=0.0014438423736215084
implement=0.001440767097000375
level=0.001422315437273585
execute=0.0014038637775467928
result=0.0013946379476833942
approach=0.0013915626710622605
problem=0.0013854121178199957
unix=0.0013731110113354703
policy=0.0013638851814720715
fault=0.0013515840749875466
read=0.0013392829685030146
mechanism=0.0013300571386396223
language=0.001326981862018489
state=0.0013177560321550904
load=0.0013146807555339572
structure=0.00131160547891283
extension=0.0013085302022916986
model=0.001283927989322641
windows=0.0012808527127015077
base=0.0012777774360803742
type=0.001274702159459241
proceedings=0.001265476329595849
available=0.0012377988400056597
current=0.0012316482867633929
line=0.0012224224569000008
execution=0.0012101213504154692
send=0.001191669690688679
