use=0.007443170641905693
parallel=0.006621055233041978
time=0.006401656335584489
datum=0.005188657833549378
algorithm=0.00483055848367621
processor=0.004648986982332075
memory=0.004550635752437347
simulation=0.004469937307395516
message=0.004008443074812503
computing=0.004000877595589828
performance=0.0039958339427747114
application=0.0038747862752119638
process=0.0036226036344562135
model=0.003488946834855677
programming=0.003420857521851622
event=0.003312418986326665
distribute=0.0032392860205074925
network=0.0032342423676923753
program=0.0031333693113900787
design=0.0025155218415385187
communication=0.002505434535908289
execution=0.002404561479605993
problem=0.0023944741739757584
software=0.0023742995627152957
example=0.0022658610271903347
language=0.002258295547967663
machine=0.0022381209367071963
include=0.0022154244990391855
computation=0.002192728061371165
provide=0.002152378838850249
number=0.0020918550050688677
service=0.002079245873031081
result=0.002076724046623522
architecture=0.0020691585674008565
science=0.002016200212842149
state=0.0019884601223590166
research=0.0019859382959514582
figure=0.0019329799413927522
information=0.0019052398509096233
require=0.0018749779340189357
new=0.0018648906283887075
kb=0.0018421941907206835
cache=0.0018371505379055717
na=0.0018346287114980142
systems=0.001809410447422443
implementation=0.0018068886210148847
method=0.0017261901759730474
access=0.0016807973006370154
function=0.0016757536478218984
support=0.0016454917309312062
structure=0.001590011549964947
analysis=0.0015874897235573897
send=0.0015748805915196018
node=0.0015698369387044911
user=0.0015673151122969323
need=0.0015219222369608945
work=0.0015067912785155515
protocol=0.001504269452107993
proceedings=0.0014815730144399778
cloud=0.0014538329239568446
course=0.001448789271141729
value=0.0014387019655115036
approach=0.0014210491806586033
set=0.001400874569398139
large=0.0013907872637679139
university=0.0013781781317301232
hardware=0.0013680908260998964
data=0.0013327852563940897
different=0.0013252197771714165
prerequisite=0.0013100888187260742
et=0.0012949578602807312
management=0.0012873923810580582
code=0.0012823487282429416
compute=0.0012798269018353828
interface=0.0012773050754278262
size=0.0012722614226127157
technique=0.0012520868113522518
international=0.001234434026499351
implement=0.0012293903736842362
section=0.001226868547276678
acm=0.0012117375888313353
csc=0.0012066939360162185
conference=0.001201650283201104
task=0.0011991284567935453
computational=0.0011915629775708777
receive=0.0011865193247557612
environment=0.0011839974983482023
case=0.0011764320191255295
mechanism=0.0011739101927179766
pp=0.0011638228870877452
control=0.0011537355814575136
storage=0.0011486919286424022
graph=0.0011436482758272876
al=0.001141126449419729
base=0.0011335609701970542
single=0.0011285173173819392
engineering=0.0011184300117517132
allow=0.0011159081853441553
type=0.0011083427061214799
benchmark=0.0011032990533063655
