use=0.008600847301669204
function=0.004801744440130499
model=0.004773549313086698
algorithm=0.004540367992129753
set=0.003950175400361281
problem=0.0036548885968618805
datum=0.0036103098149142267
number=0.0032845417929890926
example=0.0030384059542012086
point=0.002943533161851081
method=0.0029157190500375897
image=0.0028734263594718604
result=0.0028410400648945172
value=0.0028090347855474784
figure=0.0025381329567886763
case=0.00246802615440947
time=0.00244859437766306
al=0.0022592298081931246
section=0.0022314156963796346
et=0.002159784833079132
analysis=0.0020332877766122965
base=0.0019578467610085752
define=0.001952893563014396
state=0.0018408750852997862
information=0.001792867166279241
key=0.001771530313381214
variable=0.0017440972167980496
parameter=0.0017345718360400044
graph=0.001710186861299406
follow=0.0016934221911652494
feature=0.0016732283839581946
application=0.0016724663534975483
approach=0.001657606759514996
space=0.0016499864549085637
consider=0.0016427471655324486
different=0.0016153140689492789
compute=0.0016126469623370268
network=0.0014579547788263756
form=0.0014530015808321937
technique=0.0014510965046805845
make=0.001450715489450262
structure=0.001443095184843825
provide=0.0014400470630012464
new=0.0014347128497767428
class=0.0014080417836542201
word=0.0014046126465813193
matrix=0.0013924201592110245
vector=0.0013897530525987694
solution=0.001386323915525873
order=0.0013840378241439417
linear=0.0013596528494033459
require=0.0013329817832808252
node=0.001325361478674388
distribution=0.0013245994482137425
type=0.0013135500065344094
term=0.0013089778237705516
apply=0.0013005954887034684
let=0.001297547366860898
estimate=0.001270876300738369
object=0.0012689712245867598
tree=0.0012659231027441873
obtain=0.0012579217829074283
process=0.0012445862498461637
possible=0.001235441884318442
work=0.001232012747245547
size=0.0012236304121784646
chapter=0.0012221063512571776
input=0.0012129619857294551
constraint=0.0011820997520733917
error=0.0011817187368430699
test=0.0011809567063824225
step=0.0011790516302308133
general=0.001175241477927595
represent=0.001172955386545664
sequence=0.0011531425945689319
note=0.0011420931528896006
random=0.0011401880767379915
probability=0.0011348538635134878
present=0.0011337108178225183
control=0.0011333298025922001
large=0.001126471528446405
pattern=0.001119613254300614
include=0.0011066587364696732
search=0.0011058967060090282
generate=0.0011036106146271
measure=0.0010929421881780872
mean=0.0010895130511051907
equation=0.0010761775180439283
need=0.0010746534571226404
representation=0.001071224320049746
assume=0.0010571267565278365
recognition=0.0010175011725743718
condition=0.0010155960964227625
change=0.001008737822276969
detection=0.0010034036090524625
optimal=9.954022892157085E-4
design=9.942592435247402E-4
10=9.851148779970178E-4
know=9.763515276996166E-4
way=9.717793449357537E-4
