language=0.0150832187108143
programming=0.013994995276999789
course=0.008045672240359273
use=0.007846809074789112
program=0.007377271044970691
science=0.006780681548260215
design=0.006554198498583087
software=0.006139900236978596
prerequisite=0.006023896723729342
application=0.0052836838296626545
datum=0.005256063945555678
student=0.005189776223698971
include=0.004946721243557662
algorithm=0.00480862182302283
cs=0.004234128233597926
topic=0.0041678405117412205
credit=0.0040794568825989206
structure=0.003654110667351642
analysis=0.0035988708991377054
computing=0.0035381071541023762
problem=0.0034552475017814825
introduction=0.003444199548138688
engineering=0.0034165796640317305
development=0.0033061001276038686
csc=0.0031348568461406763
code=0.0030022814024272333
model=0.002919421750106342
implementation=0.002797894260035683
information=0.0026763667699650287
theory=0.0026653188163222523
technique=0.0026542708626794637
learn=0.0026045550712869236
study=0.0024554076971093058
java=0.002433311789823728
network=0.002416739859359555
work=0.002355976114324226
security=0.002344928160681437
project=0.0023283562302172595
database=0.002289688392467508
machine=0.0022841644156461082
method=0.0022675924851819347
page=0.0022344486242535677
dsl=0.0022289246474321823
concept=0.002212352716968005
parallel=0.002195780786503817
research=0.002184732832861032
web=0.0021515889719326757
provide=0.0021073971573615253
write=0.0020632053427903844
hour=0.002057681365968985
advanced=0.0020521573891475993
architecture=0.0019140579686127675
logic=0.0019030100149699796
cover=0.0018809141076844027
management=0.0018698661540416134
csci=0.0018588182003988307
bib=0.0018091024090062904
tool=0.0017262427566853951
basic=0.0017207187798639995
domain=0.0016765269652928563
function=0.0016599550348286747
processing=0.001626811173900316
offer=0.0016212871970789197
class=0.0016102392434361344
process=0.0015881433361505633
grade=0.0015826193593291686
example=0.0015770953825077758
approach=0.0015494754984008122
develop=0.0015384275447580245
computation=0.001532903567936629
university=0.0015108076606510546
object=0.0015052836838296592
better=0.0014997597070082716
user=0.0014942357301868765
instructor=0.001483187776544089
computational=0.0014721398229013013
distribute=0.0014666158460799078
major=0.0014555678924371253
objectoriented=0.0014500439156157313
memory=0.001438995961972944
math=0.00141137607786598
technology=0.0013948041474017984
make=0.0013837561937590096
level=0.0013450883560092582
principle=0.0013395643791878633
solve=0.001334040402366469
learning=0.0013285164255450767
search=0.0013229924487236885
functional=0.0013174684719022937
data=0.0013008965414381122
set=0.0012953725646167177
base=0.0012898485877953234
new=0.0012677526805097536
interface=0.0012567047268669666
knowledge=0.001251180750045572
comp=0.001234608819581391
semantics=0.0011959409818316394
python=0.0011683210977246753
cr=0.0011517491672604918
framework=0.0011407012136177052
