computing=0.010137858722678257
use=0.00812805852331385
context=0.006528619457903245
time=0.0057046659999644535
application=0.005294304866010625
datum=0.0049227180124303835
user=0.003985672903401959
design=0.0036657850903198392
model=0.00337820917754905
information=0.00331035418689526
network=0.0031746442055876948
programming=0.003051858984404662
software=0.003009853513999936
problem=0.0030066223239688093
algorithm=0.002938767333315023
provide=0.0028902994828480305
cloud=0.0027545895015404723
research=0.0027352023613536683
new=0.0025994923800461128
include=0.0025865676199215764
science=0.0025704116697659114
service=0.0023733090778668355
ubiquitous=0.0022408302865903978
example=0.0022052871962479413
university=0.0021955936261545423
technology=0.0021762064859677517
sensor=0.0021632817258432162
distribute=0.0021600505358120863
make=0.002063114834878114
environment=0.0020372653146290536
device=0.001979103894068664
architecture=0.0019532543738196035
systems=0.001937098423663943
course=0.0019144800934460169
message=0.0019047865233526207
analysis=0.001901555333321483
simulation=0.001872474623041296
program=0.0018692434330101584
different=0.0018595498629167624
communication=0.0018530874828544997
language=0.0018498562928233623
need=0.001759382971951659
support=0.001756151781920522
require=0.0017109151214846651
method=0.001707683931453538
set=0.0017044527414224015
hardware=0.0016947591713290053
base=0.0016915279812978739
pp=0.001655984890955417
mobile=0.0016430601308308848
machine=0.0016333665607374843
number=0.0016236729906440879
cs=0.0016204418006129557
structure=0.0015881299003016323
event=0.0015752051401771005
value=0.0015428932398657738
performance=0.0015202749096478478
real=0.0015138125295855853
development=0.0014944253893987873
virtual=0.0014911941993676595
acm=0.0014588822990563302
prerequisite=0.0014298015887761364
student=0.0014233392087138746
issue=0.0014039520685270761
memory=0.0013974896884648145
figure=0.0013910273084025459
phd=0.0013781025482780156
follow=0.001368408978184619
topic=0.0013619465981223571
processing=0.0013554842180600888
management=0.0013522530280289556
technique=0.0013490218379978269
component=0.0013102475576242361
data=0.0013037851775619677
human=0.0012973227974997078
way=0.0012940916074685727
project=0.0012876292274063043
csc=0.0012843980373751776
schmidt=0.0012714732772506473
type=0.0012617797071572503
location=0.001258548517126117
thesis=0.001252086137063849
ieee=0.0012423925669704519
vol=0.0012359301869081895
approach=0.0012262366168147884
chapter=0.0012230054267836595
result=0.0012100806666591293
et=0.001206849476627996
physical=0.001200387096565728
implementation=0.0011971559065345988
credit=0.0011874623364411978
section=0.0011809999563789362
parallel=0.0011745375763166682
engineering=0.001168075196254406
run=0.001164844006223271
agent=0.0011551504361298757
proceedings=0.001148688056067608
concept=0.0011357632959430777
order=0.001132532105911948
study=0.0011293009158808152
