simulation=0.010507952820382862
time=0.008440853024746538
use=0.008250801851708458
model=0.0076548389140335136
network=0.0038843174933892643
message=0.003830352345489564
state=0.0037177294281336777
event=0.00371303680657718
design=0.0036473401047862355
process=0.003588682335330047
algorithm=0.002955178425203128
number=0.0029317153174206485
value=0.002858979683294966
figure=0.0027299325904913407
control=0.0026830063749263837
datum=0.0026571969563656556
result=0.002643119091696176
example=0.0025563055929010074
node=0.002375639662975917
processor=0.0023709470414194278
method=0.002192627422272588
send=0.002159779071377125
approach=0.0020987749911426743
fault=0.002080004504916691
performance=0.002035424600129983
circuit=0.002019000424682253
new=0.0019861520737867806
problem=0.001962688966004302
set=0.0019579963444478115
application=0.0019509574121130669
flow=0.001864143913317896
variable=0.0018195640085311886
analysis=0.00179610090074871
level=0.0017867156576357177
receive=0.0017515209959619968
packet=0.0017468283744055033
simulator=0.0017116337127317833
different=0.0016881706049493045
include=0.0016764390510580676
memory=0.0016647074971668258
pp=0.0016600148756103332
base=0.0016529759432755945
distribute=0.0016506296324973447
protocol=0.0016365517678278549
test=0.0016037034169323885
route=0.0016013571061541385
require=0.0015919718630411476
case=0.0015732013768151617
modeling=0.0015614698229239239
parallel=0.00155912351214568
information=0.0015544308905891815
function=0.0015520845798109332
technique=0.0015215825396937125
point=0.001505158364245976
work=0.0014746563241287555
rtl=0.0014605784594592672
program=0.0014558858379027752
order=0.00141834486545081
virtual=0.0014019206900030721
step=0.001369072339107603
component=0.0013503018528816238
execution=0.0013409166097686324
cell=0.001329185055877393
et=0.0013197998127643974
al=0.0013174535019861537
define=0.0013057219480949148
follow=0.0012916440834254276
behavior=0.0012869514618689293
10=0.0012846051510906795
make=0.0012634883540864508
traffic=0.0012564494217517095
research=0.0012306400031909812
rate=0.001211869516965002
input=0.0012048305846302546
lp=0.001183713787626024
large=0.001169635922956537
equation=0.0011649433014000452
path=0.0011367875720610687
mechanism=0.0011344412612828245
computation=0.0011180170858350877
source=0.0010922076672743597
ieee=0.001089861356496112
compute=0.0010828224241613699
stamp=0.0010804761133831203
link=0.00107343718104838
random=0.0010710908702701307
proceedings=0.0010640519379353883
communication=0.0010570130056006416
output=0.0010523203840441494
vol=0.0010499740732659016
propose=0.001047627762487652
generate=0.001042935140931155
parameter=0.0010358962085964126
block=0.0010288572762616706
change=0.0010241646547051733
allow=0.001021818343926926
consider=0.0010194720331486767
develop=0.0010124331008139339
run=0.0010100867900356867
represent=0.001005394168479192
