use=0.00938760692359755
model=0.005817741261427585
recognition=0.0038604361230442693
word=0.003293366410054727
speech=0.0032455243002739703
information=0.0031568756850919814
image=0.0028768586307869604
algorithm=0.002820573795750771
method=0.0025504065875770958
time=0.0024969359942927155
feature=0.002489900389913196
number=0.0024856790272854774
pp=0.002481457664657766
language=0.0024772363020300553
set=0.002461757972395098
text=0.0024406511592565384
state=0.002435022675752913
result=0.0024251728296215773
datum=0.0023871805659721546
problem=0.002298531950790168
example=0.0021423415335647604
process=0.002107163511667146
user=0.002014293533857438
vol=0.001936901885682685
different=0.0019129808307923053
network=0.001845439028748888
face=0.0018398105452452655
al=0.0018046325233476521
new=0.0017933755563404148
error=0.0017877470728367981
learning=0.0017793043475813704
approach=0.001770861622325943
processing=0.001755383292690991
make=0.0017539761718150888
research=0.0017497548091873754
pattern=0.001745533446559661
parameter=0.0017413120839319424
function=0.0017216123916692825
work=0.0017061340620343308
et=0.0016892486115234753
sentence=0.0016582919522535762
figure=0.0016301495347354786
ieee=0.001624521051231867
subject=0.0015330581942980656
structure=0.0015246154690426352
task=0.001520394106414925
provide=0.0015091371394076864
object=0.0015077300185317823
10=0.0014809947218895922
sequence=0.0014697377548823598
level=0.0014373739747365502
section=0.0014261170077293182
follow=0.0014247098868534094
training=0.0014007888319630295
order=0.0013937532275835078
form=0.0013726464144449416
strategy=0.0013627965683136066
value=0.0013473182386786594
input=0.0013262114255400861
action=0.0013248043046641825
knowledge=0.001309325975029235
need=0.001306511733277422
node=0.001295254766270185
possible=0.0012642981070002837
design=0.001251634019117143
machine=0.001246005535613524
issue=0.0012206773598472417
control=0.0012108275137159116
human=0.0012023847884604815
consider=0.0011897207005773405
class=0.0011883135797014362
represent=0.0011826850961978172
probability=0.0011700210083146758
table=0.001168613887438774
include=0.0011559497995556325
general=0.001147507074300201
test=0.0011348429864170603
discourse=0.0011179575359062078
type=0.0011081076897748734
way=0.0011038863271471593
present=0.0010996649645194495
point=0.0010912222392640183
performance=0.0010715225470013534
retrieval=0.0010616727008700242
proceedings=0.001053229975614593
interface=0.0010504157338627879
representation=0.0010433801294832642
document=0.0010391587668555494
signal=0.0010335302833519302
conference=0.0010321231624760277
technique=0.0010208661954687894
journal=0.0010194590745928865
search=9.997593823302213E-4
require=9.913166570747907E-4
rule=9.885024153229852E-4
apply=9.828739318193667E-4
output=9.744312065639393E-4
support=9.673956021844134E-4
learn=9.659884813085089E-4
semantic=9.631742395567011E-4
