use=0.007843815885088829
network=0.005251502645400515
time=0.005137054773648301
service=0.004465535333367351
information=0.003348634416267593
channel=0.0028701595789421483
datum=0.0028577495687521484
internet=0.0028412028884988168
design=0.002821898428203267
process=0.002781910617591055
application=0.0026936616562399634
provide=0.0025474993140022157
agent=0.002537847083854435
user=0.0025102692834322255
simulation=0.0023392869208144784
model=0.0023379080307933692
example=0.0023048146702867103
mobile=0.0023020568902444877
number=0.0022744790898222775
technology=0.002259311299590059
new=0.002245522399378947
figure=0.002227596829104506
ieee=0.002204155698745628
event=0.0021683045581967464
base=0.002140726757774526
pp=0.0021241800775211946
message=0.00206764558665565
different=0.0020538566864445424
software=0.00204696223633899
communication=0.002030415556085659
control=0.0020207633259378887
state=0.002004216645684557
code=0.0019297565845445748
level=0.0019201043543967961
access=0.0018773587637423627
problem=0.0018387498431512617
solution=0.00172292308137795
set=0.0017174075212935116
rate=0.0017146497412512866
performance=0.0017077552911457332
approach=0.001652599690301302
include=0.001647084130216858
algorithm=0.0016415685701324143
value=0.0016319163399846374
management=0.0015864129692879825
require=0.0015836551892457595
protocol=0.0015381518185491048
vol=0.0015243629183379933
scheme=0.0015216051382957731
result=0.0015133317981691086
device=0.0015078162380846682
support=0.0014678284274724515
order=0.0014526606372402308
wireless=0.0014512817472191214
signal=0.001441629517071347
bit=0.00143197728692357
function=0.0014223250567757953
method=0.0014195672767335762
work=0.0014099150465858015
make=0.0013754427960580293
research=0.0013478649956358139
digital=0.0013382127654880385
al=0.0013244238652769277
need=0.0013023616249391576
type=0.0012996038448969368
et=0.0012968460648547122
define=0.0012499638041369445
standard=0.0012458271340736152
distribute=0.0012416904640102791
section=0.0012320382338625038
interface=0.0012030815434191792
business=0.0012003237633769583
power=0.0011906715332291832
analysis=0.0011892926432080686
10=0.0011782615230391822
international=0.0011548203926803017
technique=0.0011506837226169667
follow=0.0011465470525536365
adaptive=0.0011313792623214166
develop=0.0011300003723003068
language=0.0011024225718780911
security=0.001098285901814756
area=0.001094149231751426
proceedings=0.0010872547816458697
available=0.00108587589162476
node=0.0010817392215614298
architecture=0.0010803603315403156
transmission=0.001069329211371429
allow=0.0010500247510758789
increase=0.0010445091909914344
receive=0.0010431303009703226
consider=0.0010403725209281037
processor=0.0010265836207169938
route=0.0010183102805903324
block=0.0010141736105269974
memory=0.0010114158304847785
modulation=0.0010086580504425533
send=9.962480402525566E-4
systems=9.934902602103377E-4
link=9.893535901470028E-4
