science=0.010027107201309312
course=0.007387990998363332
programming=0.007219210310965621
design=0.005766673486088388
prerequisite=0.00565415302782324
include=0.005643923895253688
cs=0.005597892798690666
student=0.005434226677577747
use=0.005393310147299503
language=0.005152925531914888
algorithm=0.005055748772504088
credit=0.005004603109656295
software=0.0049432283142389465
theory=0.0047591039279869
topic=0.004738645662847779
program=0.004406198854337145
analysis=0.004401084288052364
datum=0.004314136661211125
application=0.004140241407528647
engineering=0.0036850450081833052
lcb=0.003500920621931253
problem=0.003495806055646478
research=0.003475347790507365
computing=0.0034088584288052334
information=0.0033781710310965595
model=0.0032298486088379653
introduction=0.002984349427168576
structure=0.0029383183306055643
method=0.00277976677577741
systems=0.0027081628477905115
logic=0.002667246317512278
study=0.002646788052373165
network=0.0026416734860883768
math=0.0026263297872340403
hour=0.0026007569558101425
technique=0.002559840425531917
computational=0.002539382160392795
development=0.002426861702127662
project=0.0023501432078559753
university=0.002345028641571192
mathematics=0.0022631955810147315
management=0.0022069353518821572
type=0.0021097585924713595
security=0.002104644026186577
module=0.0020330400981996752
machine=0.002002352700491002
process=0.0019409779050736475
database=0.001920519639934532
implementation=0.0019102905073649743
instructor=0.0019000613747954176
cover=0.0018642594108019635
work=0.0018182283142389535
advanced=0.0017977700490998387
set=0.001787540916530275
function=0.0017824263502455007
theoretical=0.0017670826513911642
semester=0.0017363952536824905
provide=0.0017108224222585908
mathematical=0.0016903641571194752
state=0.0016750204582651387
year=0.0016647913256955806
formal=0.001649447626841244
csc=0.0016443330605564646
time=0.001639218494271686
processing=0.0016238747954173496
grade=0.00161364566284779
architecture=0.0016034165302782337
technology=0.0015829582651391164
lecture=0.0015727291325695605
tool=0.0015573854337152223
30=0.0015522708674304427
2017=0.001531812602291324
department=0.0015164689034369875
new=0.0015011252045826493
knowledge=0.0014704378068739756
area=0.0014653232405891958
csci=0.0014499795417348591
require=0.0014448649754500828
basic=0.0014244067103109657
number=0.001398833878887073
class=0.001363031914893619
international=0.0013579173486088366
graduate=0.0013425736497545
principle=0.0013272299509001636
issue=0.001322115384615383
fundamental=0.0013067716857610462
linear=0.0012965425531914901
solve=0.0012863134206219336
distribute=0.0012811988543371536
modeling=0.0012658551554828165
major=0.001230053191489361
journal=0.0012198240589198048
web=0.0012147094926350246
introduce=0.0012095949263502442
develop=0.0011993657937806876
level=0.0011840220949263511
intelligence=0.001178907528641569
page=0.0011737929623567942
apply=0.0011635638297872323
cse=0.0011533346972176775
