web=0.010826306070281707
use=0.007503706938114607
user=0.006193770524611341
page=0.005443286121041769
datum=0.0049975438692246845
information=0.004797414694939455
search=0.004497220933511626
network=0.0037148977976694084
application=0.0033282846200729534
service=0.0030826715425410992
link=0.0029826069553984817
provide=0.002934848856989518
result=0.0028779939779312053
file=0.0028416068553339044
analysis=0.0027711068053016003
time=0.0027278970972172962
number=0.002609638948776028
query=0.0025368647035814078
model=0.002482284019685429
log=0.002429977530951802
set=0.0023822194325428254
request=0.002361751676081831
example=0.002309445187348194
agent=0.0022457677228029022
server=0.0022434935276405637
access=0.0021889128437445966
base=0.0020160740114073617
engine=0.002006977230758037
site=0.001993332059784044
method=0.0019705901081607242
include=0.0019523965468620686
approach=0.0018727997161804464
software=0.001861428740368784
distribution=0.0018568803500441185
type=0.0018273158129338003
algorithm=0.0018136706419598087
figure=0.0018022996661481467
design=0.0017909286903364896
task=0.001763638348388505
conference=0.0017590899580638417
make=0.0017477189822521784
work=0.0017295254209535287
document=0.0016931382983562118
match=0.0016226382483239172
process=0.0016203640531615873
section=0.0015998962967005979
resource=0.001579428540239609
research=0.0015748801499149432
problem=0.0015544123934539567
world=0.0015521381982916257
proceedings=0.001545315612804631
architecture=0.0015316704418306378
size=0.0015112026853696492
order=0.0014634445869606725
different=0.001454347806311346
value=0.0014497994159866805
follow=0.0014361542450126888
interface=0.0014270574643633625
large=0.0014156864885516993
component=0.0014065897079023745
google=0.0013974929272530419
structure=0.00134518643851941
internet=0.0013406380481947448
case=0.0013383638530324142
database=0.0013110735110844244
content=0.001276960583649445
vertex=0.0012655896078377878
graph=0.0012633154126754534
et=0.0012405734610521349
al=0.0012360250707274681
client=0.001224654094915807
present=0.0012201057045911476
support=0.0012041863384548194
term=0.0012019121432924886
international=0.0011973637529678232
reference=0.0011723476061821741
form=0.0011587024352081824
acm=0.0011405088739095254
wide=0.0011359604835848582
www=0.001120041117448536
attack=0.0011177669222862015
require=0.0011132185319615397
technique=0.001106395946474544
source=0.001085928190013556
quality=0.0010791056045265602
level=0.0010768314093642245
topic=0.0010677346287148992
study=0.0010540894577409077
define=0.0010472668722539093
available=0.001035895896442249
data=0.001022250725468257
contain=0.0010199765303059254
style=0.0010177023351435925
http=0.0010040571641695985
table=9.813152125462813E-4
text=9.767668222216144E-4
point=9.744926270592856E-4
distribute=9.722184318969506E-4
perform=9.699442367346187E-4
generate=9.676700415722898E-4
